9_Right_227 0.8147668393782384 0.3 450
1_Left_369 0.8423529411764706 0.2 450
10_Left_77 0.776249094858798 0.3 450
22_Left_182 0.38426501035196686 0.4 450
25_Right_56 0.48154657293497366 0.3 550
4_Right_58 0.7393689986282579 0.2 450
18_Left_194 0.2249786142001711 0.4 450
30_Right_114 0.7791509940891993 0.2 500
19_Left_28 0.3581769436997319 0.4 450
10_Left_107 0.6062461726883037 0.3 450
25_Left_6 0.14474061335626254 0.4 450
3_Right_297 0.7961246840775064 0.3 450
2_Right_163 0.8327868852459016 0.2 500
1_Left_185 0.8086560364464692 0.2 450
4_Right_83 0.8144329896907216 0.4 450
3_Right_464 0.6018675721561969 0.3 600
2_Right_46 0.7033816425120772 0.2 450
17_Right_132 0.1445976816989593 0.4 450
22_Right_129 0.74780526735834 0.4 450
14_Right_265 0.7280477408354646 0.3 450
3_Right_262 0.6128526645768025 0.3 550
28_Left_240 0.7782982045277127 0.3 450
1_Right_409 0.8532901833872708 0.2 550
28_Left_101 0.6163604549431321 0.4 500
6_Left_66 0.506939625260236 0.4 450
7_Right_208 0.028211530578019603 0.4 450
1_Left_385 0.7827130852340937 0.2 550
22_Right_208 0.7178456591639871 0.4 450
9_Right_128 0.84593837535014 0.3 450
1_Right_431 0.6150870406189555 0.2 450
6_Right_235 0.6228287841191067 0.3 450
28_Left_212 0.7545671167593329 0.4 450
9_Right_217 0.8377997179125529 0.3 450
23_Left_130 0.7552897884084636 0.2 450
13_Left_247 0.06489675516224189 0.4 450
12_Right_35 0.5192878338278932 0.4 500
1_Right_147 0.7858649789029536 0.2 600
10_Right_95 0.6274787535410765 0.3 450
7_Left_198 0.8094701240135288 0.3 450
13_Left_141 0.8307475317348378 0.3 450
30_Left_154 0.7655172413793103 0.2 600
11_Right_219 0.8280871670702179 0.2 500
26_Left_2 0.6413793103448275 0.3 450
1_Right_293 0.8288718929254302 0.2 550
22_Right_65 0.5871794871794872 0.4 450
4_Left_128 0.7200447928331467 0.2 450
6_Right_31 0.6582109479305741 0.3 500
9_Right_29 0.7916063675832128 0.3 450
13_Left_11 0.11025318728676603 0.4 450
7_Right_152 0.8175270108043218 0.2 550
20_Right_241 0.7060653188180405 0.3 450
15_Left_247 0.827893175074184 0.3 450
15_Left_148 0.8702928870292888 0.2 550
14_Right_61 0.7622857142857142 0.3 450
8_Left_219 0.30858511422254975 0.4 450
11_Right_128 0.6518624641833811 0.1 450
27_Left_84 0.3775280898876405 0.4 450
7_Right_128 0.6883384932920537 0.2 600
25_Left_67 0.5218543046357615 0.4 450
6_Left_176 0.6502433090024331 0.3 500
3_Right_113 0.08289960021120918 0.4 450
28_Right_249 0.660056657223796 0.3 450
1_Left_194 0.8480725623582767 0.2 450
13_Left_259 0.7460732984293194 0.3 450
1_Left_182 0.7912341407151096 0.2 450
15_Right_114 0.8882220555138785 0.2 600
1_Left_191 0.833879781420765 0.2 450
9_Left_183 0.7399794450154162 0.2 450
10_Right_197 0.5199131064446053 0.3 450
1_Right_73 0.7451171875 0.2 500
