26_Left_133 0.7147568013190437 0.3 450
1_Right_391 0.7847295864262991 0.2 450
19_Left_203 0.4688768606224628 0.4 450
26_Right_44 0.5454545454545454 0.3 550
17_Right_180 0.2486398258977149 0.4 450
24_Right_29 0.8135593220338984 0.2 450
16_Left_239 0.5922518159806296 0.3 550
4_Left_118 0.873453853472883 0.2 500
30_Right_23 0.8398369248689574 0.1 600
10_Right_87 0.5835411471321695 0.3 600
3_Right_257 0.7537154989384289 0.3 500
3_Right_364 0.7377167630057804 0.3 550
3_Left_121 0.7444289693593314 0.3 450
22_Right_140 0.6390675241157556 0.4 450
1_Right_133 0.8257491675915649 0.2 450
12_Right_48 0.7712895377128953 0.4 550
1_Right_135 0.8382352941176471 0.2 450
16_Left_2 0.5816708229426434 0.3 550
1_Right_503 0.8187311178247734 0.2 550
8_Left_28 0.21935679611650485 0.4 500
7_Right_155 0.6154721274175199 0.2 550
3_Left_229 0.7843551797040169 0.2 450
10_Right_91 0.5338345864661654 0.3 600
7_Right_214 0.649103139013453 0.2 450
28_Left_77 0.7710843373493976 0.4 600
20_Right_213 0.10010537407797682 0.4 450
25_Left_117 0.6782522343594836 0.3 450
