24_Left_208 0.5908045977011495 2.5 250
3_Left_163 0.0543956043956044 2.5 250
25_Right_183 0.7393617021276596 2.5 250
10_Left_176 0.038301415487094086 2.5 250
22_Right_96 0.030669957324284024 2.5 250
30_Left_136 0.04017549677320613 2.5 250
30_Left_4 0.1197895588830433 2.5 250
2_Left_21 0.6115023474178404 2.5 250
16_Left_42 0.482779827798278 2.5 250
13_Left_30 0.6046128500823723 2.5 250
1_Right_77 0.6945010183299389 2.5 250
13_Left_223 0.7517241379310344 2.5 250
7_Right_179 0.07249255213505462 2.5 250
5_Right_192 0.8170083523158694 2.5 250
13_Left_106 0.710124826629681 2.5 250
1_Right_2 0.5150905432595574 2.5 250
6_Left_86 0.061940971774713235 2.5 250
27_Right_77 0.02507915766195909 2.5 250
7_Left_30 0.02537418737086126 2.5 250
20_Left_65 0.731437598736177 2.5 250
9_Right_189 0.6353658536585366 2.5 250
28_Right_202 0.6033155713439905 2.5 250
17_Right_96 0.04682291013911518 2.5 250
12_Right_208 0.052667578659370724 2.5 250
15_Left_210 0.06170321264660887 2.5 250
8_Right_148 0.6496379726468222 2.5 250
29_Right_46 0.6813655761024182 2.5 250
15_Left_248 0.033915619572990094 2.5 250
12_Left_121 0.731626754748142 2.5 250
23_Left_163 0.660482374768089 2.5 250
26_Left_112 0.6379821958456974 2.5 250
29_Right_37 0.822570123939987 2.5 250
11_Left_181 0.5693673695893452 2.5 250
7_Left_136 0.49445865302642794 2.5 250
22_Right_23 0.03983445421624418 2.5 250
8_Left_106 0.6179735051915503 2.5 250
15_Left_68 0.03682319733128047 2.5 250
11_Left_51 0.5190023752969121 2.5 250
3_Right_51 0.07962529274004684 2.5 250
14_Right_70 0.8498759305210918 2.5 250
16_Left_194 0.6574889867841409 2.5 250
8_Left_90 0.6034719049794427 2.5 250
12_Left_225 0.7951706910907577 2.5 250
23_Right_240 0.7250554323725056 2.5 250
15_Right_168 0.03264613778705637 2.5 250
24_Left_11 0.48520710059171596 2.5 250
4_Left_134 0.7159647404505387 2.5 250
20_Left_7 0.020877716233489562 2.5 250
11_Right_212 0.49746192893401014 2.5 250
16_Left_251 0.6621004566210046 2.5 250
25_Left_75 0.7043407043407044 2.5 250
15_Left_19 0.7960893854748603 2.5 250
13_Right_153 0.6838942307692307 2.5 250
30_Left_114 0.0996771589991929 2.5 250
15_Right_139 0.7629921259842519 2.5 250
25_Right_173 0.05073020753266718 2.5 250
7_Left_170 0.5907372400756143 2.5 250
17_Left_50 0.051182385836447075 2.5 250
14_Left_204 0.887823585810163 2.5 250
1_Right_112 0.6634408602150538 2.5 250
8_Left_72 0.663280662151994 2.5 250
9_Right_27 0.7340569877883311 2.5 250
4_Left_4 0.7182425978987583 2.5 250
6_Right_36 0.053962195090067715 2.5 250
28_Left_177 0.03172978505629478 2.5 250
7_Left_67 0.8186323092170465 2.5 250
9_Right_40 0.8005082592121983 2.5 250
20_Left_144 0.5633423180592992 2.5 250
6_Left_82 0.052273834868032935 2.5 250
13_Right_256 0.565438373570521 2.5 250
27_Right_88 0.047619047619047616 2.5 250
4_Left_146 0.6479591836734694 2.5 250
6_Right_211 0.06238899883290201 2.5 250
11_Right_66 0.5913978494623656 2.5 250
1_Right_198 0.6585838991270611 2.5 250
4_Right_230 0.516793893129771 2.5 250
5_Left_89 0.5953991880920162 2.5 250
26_Right_107 0.7375565610859729 2.5 250
11_Left_76 0.4603960396039604 2.5 250
10_Right_69 0.6151515151515151 2.5 250
14_Left_276 0.8568507157464212 2.5 250
11_Right_215 0.470074812967581 2.5 250
28_Left_161 0.03141099384784675 2.5 250
1_Left_43 0.6535244922341696 2.5 250
11_Right_240 0.5621436716077537 2.5 250
10_Left_150 0.04064067632604212 2.5 250
18_Right_15 0.03128313891834571 2.5 250
20_Right_94 0.7403846153846154 2.5 250
6_Left_63 0.07184548711140058 2.5 250
23_Right_129 0.7001023541453428 2.5 250
2_Left_124 0.605080831408776 2.5 250
29_Right_148 0.055909412597310686 2.5 250
5_Right_180 0.7028404952658412 2.5 250
28_Right_109 0.04081294068851099 2.5 250
23_Right_226 0.7141424272818455 2.5 250
26_Right_102 0.5778894472361809 2.5 250
28_Right_96 0.8516421291053228 2.5 250
5_Right_30 0.7948560930802204 2.5 250
1_Left_3 0.5737898465171193 2.5 250
27_Left_107 0.05419847328244275 2.5 250
11_Right_138 0.5090016366612111 2.5 250
3_Right_233 0.8578110383536015 2.5 250
24_Right_122 0.815625 2.5 250
17_Left_213 0.04933276369028172 2.5 250
26_Left_114 0.5089605734767025 2.5 250
1_Right_136 0.6029882604055496 2.5 250
5_Right_75 0.6508422664624809 2.5 250
16_Right_172 0.6801827527127355 2.5 250
1_Right_368 0.5638051044083526 2.5 250
1_Left_241 0.48773006134969327 2.5 250
27_Right_247 0.057547169811320756 2.5 250
25_Right_251 0.7322916666666667 2.5 250
11_Left_178 0.6112994350282486 2.5 250
2_Left_12 0.6360655737704918 2.5 250
1_Right_308 0.6067615658362989 2.5 250
16_Left_250 0.6485700436257877 2.5 250
17_Left_21 0.048822819197102324 2.5 250
27_Left_200 0.03656597774244833 2.5 250
13_Left_148 0.6196172248803827 2.5 250
13_Left_287 0.5829326923076923 2.5 250
1_Right_278 0.5798575788402849 2.5 250
7_Right_250 0.535673839184598 2.5 250
23_Left_157 0.6498287671232876 2.5 250
1_Right_171 0.6175213675213675 2.5 250
27_Left_172 0.020447588940739624 2.5 250
29_Left_138 0.03389364150282655 2.5 250
29_Right_204 0.6865203761755486 2.5 250
20_Right_239 0.3451443569553806 2.5 250
29_Left_133 0.8143800440205429 2.5 250
6_Right_147 0.6288144072036018 2.5 250
14_Right_17 0.773972602739726 2.5 250
6_Left_110 0.7236363636363636 2.5 250
16_Right_151 0.6635630043451273 2.5 250
13_Left_9 0.6652298850574713 2.5 250
9_Right_167 0.6210526315789474 2.5 250
19_Left_65 0.043596319203499774 2.5 250
13_Right_196 0.43534994068801897 2.5 250
7_Left_107 0.526071842410197 2.5 250
26_Left_43 0.7023217247097844 2.5 250
20_Left_28 0.020351317440401504 2.5 250
28_Left_14 0.033025 2.5 250
29_Right_223 0.6798846431146359 2.5 250
3_Left_468 0.6396568160152526 2.5 250
26_Left_175 0.518479408658923 2.5 250
26_Right_130 0.6930998970133883 2.5 250
27_Left_213 0.036298932384341634 2.5 250
3_Right_297 0.7455770850884583 2.5 250
28_Right_248 0.5650534255185418 2.5 250
24_Left_210 0.7516339869281046 2.5 250
3_Left_237 0.5993150684931506 2.5 250
18_Left_209 0.040502793296089384 2.5 250
8_Left_136 0.06124118188324302 2.5 250
17_Right_78 0.047409456740442654 2.5 250
9_Right_45 0.8404669260700389 2.5 250
5_Right_8 0.04836998172493073 2.5 250
12_Left_91 0.6199233716475095 2.5 250
3_Left_143 0.04356955380577428 2.5 250
7_Left_185 0.5241855873642646 2.5 250
15_Right_47 0.790491539081386 2.5 250
4_Right_160 0.44139821795750517 2.5 250
10_Left_70 0.04033809089988865 2.5 250
7_Left_43 0.054813773717498245 2.5 250
22_Left_248 0.036005434782608696 2.5 250
11_Left_183 0.5995449374288965 2.5 250
4_Right_155 0.6400580551523948 2.5 250
25_Left_62 0.6857597454256166 2.5 250
16_Right_60 0.4203601108033241 2.5 250
14_Right_259 0.7828282828282829 2.5 250
8_Left_139 0.736415633937083 2.5 250
1_Right_416 0.6242263483642794 2.5 250
26_Right_77 0.7697160883280757 2.5 250
1_Right_194 0.6252545824847251 2.5 250
24_Right_230 0.6573576799140709 2.5 250
1_Right_326 0.4990566037735849 2.5 250
27_Left_74 0.02639443481754941 2.5 250
24_Right_88 0.7560706401766004 2.5 250
15_Left_181 0.03575854590519467 2.5 250
21_Right_132 0.022291021671826627 2.5 250
14_Right_201 0.7914547304170906 2.5 250
18_Right_41 0.041527126590756865 2.5 250
2_Left_35 0.6445783132530121 2.5 250
15_Left_68 0.03682319733128047 2.5 250
12_Right_249 0.03862380713209442 2.5 250
25_Left_212 0.03784406894030984 2.5 250
24_Left_44 0.4797297297297297 2.5 250
3_Left_279 0.05896607431340872 2.5 250
24_Right_76 0.7113289760348583 2.5 250
15_Left_111 0.0486929779600205 2.5 250
11_Left_164 0.613947696139477 2.5 250
1_Right_103 0.6075550891920252 2.5 250
28_Right_46 0.23785103785103784 2.5 250
25_Right_80 0.7380952380952381 2.5 250
3_Right_424 0.7821927888153054 2.5 250
27_Right_242 0.02542053254884212 2.5 250
24_Right_125 0.7183718371837183 2.5 250
14_Right_116 0.8490566037735849 2.5 250
16_Right_236 0.39930313588850175 2.5 250
13_Left_158 0.7704918032786885 2.5 250
29_Left_17 0.7864583333333334 2.5 250
18_Left_219 0.028646095084933158 2.5 250
