9_Right_227 0.8147668393782384 0.3 450
1_Left_369 0.8423529411764706 0.2 450
10_Left_77 0.776249094858798 0.3 450
22_Left_182 0.38426501035196686 0.4 450
25_Right_56 0.48154657293497366 0.3 550
4_Right_58 0.7393689986282579 0.2 450
18_Left_194 0.2249786142001711 0.4 450
30_Right_114 0.7791509940891993 0.2 500
19_Left_28 0.3581769436997319 0.4 450
10_Left_107 0.6062461726883037 0.3 450
25_Left_6 0.14474061335626254 0.4 450
3_Right_297 0.7961246840775064 0.3 450
2_Right_163 0.8327868852459016 0.2 500
1_Left_185 0.8086560364464692 0.2 450
4_Right_83 0.8144329896907216 0.4 450
3_Right_464 0.6018675721561969 0.3 600
2_Right_46 0.7033816425120772 0.2 450
17_Right_132 0.1445976816989593 0.4 450
22_Right_129 0.74780526735834 0.4 450
14_Right_265 0.7280477408354646 0.3 450
3_Right_262 0.6128526645768025 0.3 550
28_Left_240 0.7782982045277127 0.3 450
1_Right_409 0.8532901833872708 0.2 550
28_Left_101 0.6163604549431321 0.4 500
6_Left_66 0.506939625260236 0.4 450
7_Right_208 0.028211530578019603 0.4 450
1_Left_385 0.7827130852340937 0.2 550
22_Right_208 0.7178456591639871 0.4 450
9_Right_128 0.84593837535014 0.3 450
1_Right_431 0.6150870406189555 0.2 450
6_Right_235 0.6228287841191067 0.3 450
28_Left_212 0.7545671167593329 0.4 450
9_Right_217 0.8377997179125529 0.3 450
23_Left_130 0.7552897884084636 0.2 450
13_Left_247 0.06489675516224189 0.4 450
12_Right_35 0.5192878338278932 0.4 500
1_Right_147 0.7858649789029536 0.2 600
10_Right_95 0.6274787535410765 0.3 450
7_Left_198 0.8094701240135288 0.3 450
13_Left_141 0.8307475317348378 0.3 450
30_Left_154 0.7655172413793103 0.2 600
11_Right_219 0.8280871670702179 0.2 500
26_Left_2 0.6413793103448275 0.3 450
1_Right_293 0.8288718929254302 0.2 550
22_Right_65 0.5871794871794872 0.4 450
4_Left_128 0.7200447928331467 0.2 450
6_Right_31 0.6582109479305741 0.3 500
9_Right_29 0.7916063675832128 0.3 450
13_Left_11 0.11025318728676603 0.4 450
7_Right_152 0.8175270108043218 0.2 550
20_Right_241 0.7060653188180405 0.3 450
15_Left_247 0.827893175074184 0.3 450
15_Left_148 0.8702928870292888 0.2 550
14_Right_61 0.7622857142857142 0.3 450
8_Left_219 0.30858511422254975 0.4 450
11_Right_128 0.6518624641833811 0.1 450
27_Left_84 0.3775280898876405 0.4 450
7_Right_128 0.6883384932920537 0.2 600
25_Left_67 0.5218543046357615 0.4 450
6_Left_176 0.6502433090024331 0.3 500
3_Right_113 0.08289960021120918 0.4 450
28_Right_249 0.660056657223796 0.3 450
1_Left_194 0.8480725623582767 0.2 450
13_Left_259 0.7460732984293194 0.3 450
1_Left_182 0.7912341407151096 0.2 450
15_Right_114 0.8882220555138785 0.2 600
1_Left_191 0.833879781420765 0.2 450
9_Left_183 0.7399794450154162 0.2 450
10_Right_197 0.5199131064446053 0.3 450
1_Right_73 0.7451171875 0.2 500
26_Right_169 0.6811145510835913 0.3 550
7_Right_179 0.04989839692932942 0.4 450
23_Left_11 0.24055781522370714 0.4 450
12_Right_215 0.5899802241265656 0.4 500
6_Left_180 0.14362687321097828 0.4 450
5_Right_151 0.7158818834796489 0.3 450
19_Left_171 0.4623529411764706 0.4 450
3_Right_355 0.7987910189982729 0.3 450
9_Right_230 0.6195524146054181 0.3 450
14_Right_250 0.5690168818272096 0.3 550
28_Right_152 0.7952238805970149 0.2 500
19_Left_180 0.3968926553672316 0.4 450
3_Right_128 0.6664139499620925 0.3 550
4_Right_211 0.8464 0.2 500
8_Right_202 0.6800925925925926 0.2 500
12_Left_98 0.7740384615384616 0.3 450
13_Right_204 0.6796230859835101 0.3 550
1_Right_434 0.8493975903614458 0.2 600
26_Left_33 0.4928469241773963 0.4 450
12_Left_138 0.6637233259749816 0.3 550
14_Left_265 0.5975395430579965 0.4 450
27_Right_196 0.6091617933723197 0.4 500
22_Right_65 0.5871794871794872 0.4 450
3_Left_489 0.7355704697986577 0.3 550
6_Left_117 0.5469745222929936 0.3 600
3_Left_336 0.7921013412816692 0.3 550
17_Left_242 0.2854301342615614 0.4 450
8_Right_85 0.7081526452732003 0.3 500
3_Right_281 0.7515991471215352 0.3 450
25_Left_212 0.14061312389156322 0.4 450
1_Left_25 0.8526077097505669 0.2 450
19_Right_178 0.08516751910809724 0.2 450
9_Left_93 0.8396436525612472 0.2 450
17_Left_138 0.34281361097003554 0.4 450
24_Left_25 0.8444206008583691 0.2 450
4_Right_216 0.8197767145135566 0.2 450
10_Left_84 0.7213622291021672 0.3 450
26_Left_161 0.1298897447515481 0.4 450
19_Left_120 0.4293286219081272 0.4 450
1_Right_2 0.7067961165048544 0.2 550
5_Right_48 0.812452543659833 0.3 450
22_Right_246 0.758789860997547 0.4 450
11_Right_115 0.8094701240135288 0.2 500
19_Right_145 0.3072916666666667 0.4 450
29_Right_31 0.4679351656095842 0.4 450
